1000000 30
794721.7169420017 350188
266302.79238482635 920417
178262.87550165242 660926
404068.76094403653 805626
598937.0217496663 664775
861284.1422437754 586930
175293.77579883643 294412
442395.3145156028 122569
964769.3851168504 434450
940912.9178192517 872017
738696.1603897127 876509
291337.6318700741 519590
469145.1641969084 771784
881717.8198430577 961087
893498.5863839092 874095
511649.28521416796 861158
634447.0887816866 15715
318505.2188014347 842260
205365.74121570893 364205
850671.9850985822 58138
554364.5633790336 198493
391940.7589281825 14797
669860.1523195871 776229
694931.3093327084 435067
346537.52894195524 42891
321550.4912171355 447062
410636.9167700679 761331
688893.7677185871 85140
877388.7368994292 996516
487213.5537939848 638424
